# Detector locations exported from traps(Ajalapensis.CHxy)
# Sat Aug 23 18:08:44 2025 
# Detector  x  y 
1 965972.88 8766534.36
2 965968.47 8766578
3 965930.74 8766573.22
4 965913.39 8766608.29
5 965878.48 8766594.71
6 965861.95 8766632.53
7 965827.09 8766614.74
8 965817.17 8766648.7
9 965785.44 8766658.03
10 965776.03 8766696.3
11 965743.19 8766696.89
12 965726.46 8766736.93
13 961575.71 8768699.4
14 961565.13 8768733.48
15 961534.5 8768735.46
16 961519.52 8768775.59
17 961485.22 8768781.29
18 961489.76 8768815.6
19 961438.26 8768821.21
20 961434.76 8768860.28
21 961398.91 8768864.34
22 961398.35 8768901.94
23 961356.26 8768907.41
24 961334.9 8768944.86
25 960434.81 8768036.63
26 960448.85 8768069.24
27 960417.66 8768100.95
28 960432.06 8768135.45
29 960396.8 8768158.9
30 960418.71 8768205.6
31 960384.59 8768224.05
32 960402.08 8768260.72
33 960364.36 8768279.99
34 960367.92 8768322.52
35 960337.81 8768330.82
36 960348.96 8768382.99
37 954396.4 8761338.41
38 954361.65 8761366.07
39 954319.26 8761356.8
40 954311.52 8761389.72
41 954269.57 8761388.1
42 954255.7 8761421.44
43 954218.43 8761417.97
44 954204.66 8761443
45 954160.55 8761451.05
46 954147.1 8761483.5
47 954116.43 8761482.05
48 954098.46 8761519.44
